P001,0,1,1,2,0
P002,2,0,0,1,0
P003,2,1,0,0,0
P004,1,0,1,1,0
P005,0,0,0,2,0
P006,0,0,1,2,0
P007,1,1,0,2,1
P008,1,1,0,0,2
P009,0,0,0,0,0
P010,0,0,2,2,0
P011,2,1,0,1,0
P012,1,0,0,0,0
P013,1,1,0,1,0
P014,0,0,2,2,0
P015,1,2,1,1,0
P016,0,1,1,2,0
P017,2,2,0,2,0
P018,2,2,0,1,0
P019,1,0,0,1,2
P020,1,1,0,1,0
P021,1,0,2,1,0
P022,1,1,0,2,0
P023,0,0,0,0,0
P024,2,0,0,1,1
P025,0,0,0,2,0
P026,1,0,0,2,0
P027,2,2,1,1,0
P028,1,0,1,2,0
P029,1,0,1,2,1
P030,1,0,1,2,0
P031,1,2,1,1,0
P032,0,0,0,2,0
P033,0,0,1,2,1
P034,0,0,1,2,0
P035,0,0,1,2,0
P036,0,0,2,2,1
P037,2,0,0,1,1
P038,0,0,0,2,1
P039,1,0,0,0,1
P040,1,0,0,0,0
P041,1,1,0,1,0
P042,1,0,0,2,0
P043,2,0,0,0,1
P044,1,1,1,2,1
P045,1,0,1,0,0
P046,0,0,2,1,0
P047,2,1,0,0,2
P048,2,2,0,1,0
P049,2,1,0,2,0
P050,0,0,2,1,1
P051,2,0,0,1,0
P052,1,0,1,0,1
P053,0,1,2,2,0
P054,2,2,0,1,0
P055,1,0,0,2,0
P056,0,0,2,2,0
P057,0,0,1,2,0
P058,0,0,0,1,0
P059,2,0,0,2,0
P060,0,2,1,2,0
P061,1,0,0,2,1
P062,0,0,0,1,0
P063,0,0,1,2,0
P064,2,2,0,2,0
P065,1,0,2,0,2
P066,0,0,1,1,0
P067,1,2,0,2,0
P068,1,1,1,1,1
P069,1,0,1,1,0
P070,1,0,0,2,0
P071,0,0,2,2,0
P072,2,1,1,1,1
P073,1,1,1,1,0
P074,1,0,1,0,0
P075,1,1,2,1,0
P076,1,2,1,2,0
P077,0,0,1,2,0
P078,0,0,2,2,1
P079,1,0,1,1,1
P080,2,0,0,1,1
P081,1,2,1,2,1
P082,2,0,0,0,1
P083,2,1,0,1,1
P084,2,0,0,1,1
P085,0,0,1,1,0
P086,2,0,0,1,1
P087,1,0,0,2,0
P088,2,0,1,1,1
P089,2,1,0,1,0
P090,1,0,1,1,1
P091,1,1,1,2,0
P092,0,1,1,1,1
P093,0,0,1,2,0
P094,2,2,0,1,1
P095,0,0,0,1,1
P096,1,0,0,1,0
P097,0,0,1,2,0
P098,2,0,0,0,1
P099,0,0,2,2,1
P100,0,0,1,2,0
P101,1,0,0,2,0
P102,1,0,1,0,2
P103,2,1,1,2,0
P104,2,0,0,1,1
P105,1,0,0,2,0
P106,0,1,1,2,0
P107,2,0,0,1,0
P108,2,0,1,2,1
P109,1,1,0,2,0
P110,1,1,1,1,1
P111,1,0,1,1,1
P112,0,0,1,2,0
P113,2,0,0,2,1
P114,2,0,1,1,1
P115,2,0,1,0,2
P116,1,0,1,0,2
P117,0,0,2,1,1
P118,2,2,0,1,0
P119,0,0,3,2,0
P120,1,0,1,2,0
P121,0,0,1,0,3
P122,1,0,0,2,2
P123,2,2,1,1,0
P124,1,0,1,1,1
P125,2,0,1,2,1
P126,0,0,2,0,2
P127,1,0,1,1,1
P128,2,1,0,1,1
P129,1,0,0,2,0
P130,0,1,1,2,0
P131,0,0,1,2,1
P132,0,0,2,1,0
P133,1,0,0,2,0
P134,1,0,2,2,1
P135,2,0,1,1,0
P136,2,0,1,2,0
P137,2,0,0,1,2
P138,2,0,0,2,2
P139,0,0,0,1,0
P140,0,0,0,1,1
P141,1,0,1,2,0
P142,2,0,1,2,2
P143,2,2,0,2,2
P144,2,3,0,1,1
P145,0,2,1,2,0
P146,1,0,2,0,2
P147,2,1,0,0,1
P148,1,2,1,2,0
P149,1,0,1,2,2
P150,2,0,0,2,1
P151,2,3,1,2,2
P152,1,0,1,2,0
P153,1,2,0,2,0
P154,3,1,0,1,1
P155,0,0,3,2,0
P156,2,0,1,1,1
P157,0,0,1,3,0
P158,2,3,1,2,1
P159,1,2,1,1,0
P160,0,0,1,1,0
