P001,0,0,1,2,0
P002,2,0,0,1,0
P003,2,1,0,1,0
P004,2,0,1,1,0
P005,0,0,0,2,0
P006,0,0,2,3,0
P007,2,2,0,2,0
P008,1,0,0,0,2
P009,0,0,0,0,0
P010,0,0,2,3,1
P011,2,1,0,1,0
P012,1,0,0,0,0
P013,1,1,0,1,0
P014,1,0,3,2,0
P015,1,2,2,2,0
P016,0,1,2,3,0
P017,2,1,0,2,0
P018,2,3,0,2,0
P019,2,0,0,1,2
P020,2,1,0,1,0
P021,1,0,3,1,0
P022,1,0,0,3,1
P023,1,0,1,1,1
P024,3,0,0,1,1
P025,0,0,0,3,0
P026,2,0,0,2,0
P027,2,1,1,2,0
P028,1,0,1,3,0
P029,1,0,1,2,1
P030,1,0,2,2,0
P031,1,2,1,2,0
P032,0,0,1,3,0
P033,0,0,2,3,1
P034,0,0,2,2,0
P035,1,0,2,3,0
P036,0,0,2,2,2
P037,3,0,0,1,1
P038,0,0,1,3,1
P039,2,0,1,0,2
P040,1,0,0,0,0
P041,1,1,0,1,0
P042,2,0,0,3,0
P043,3,0,0,0,1
P044,2,1,1,3,1
P045,2,0,0,0,0
P046,0,0,2,1,0
P047,3,0,0,0,2
P048,2,3,1,1,0
P049,2,1,0,2,0
P050,0,0,3,1,1
P051,2,0,0,2,0
P052,1,0,0,1,1
P053,0,0,3,2,1
P054,3,3,0,1,0
P055,1,0,0,3,0
P056,0,0,3,3,0
P057,1,0,2,3,0
P058,0,0,0,2,0
P059,2,0,1,3,0
P060,1,2,1,2,1
P061,1,0,0,2,2
P062,0,0,1,3,0
P063,0,0,2,3,0
P064,2,3,1,2,0
P065,1,0,2,0,1
P066,0,0,1,1,0
P067,1,2,0,3,0
P068,2,0,0,2,2
P069,1,0,2,1,0
P070,1,0,0,3,0
P071,0,0,3,2,0
P072,2,1,1,2,0
P073,2,0,0,1,0
P074,0,0,2,0,0
P075,1,1,2,0,1
P076,1,3,1,3,0
P077,0,0,1,1,2
P078,0,0,2,3,1
P079,1,0,1,0,2
P080,2,0,0,2,1
P081,2,3,1,2,2
P082,3,0,0,0,2
P083,2,2,0,1,0
P084,3,0,0,1,1
P085,0,0,2,1,1
P086,3,1,0,2,1
P087,1,1,0,3,0
P088,2,0,1,0,2
P089,2,1,0,2,0
P090,1,0,1,1,2
P091,2,1,1,2,0
P092,0,1,1,2,1
P093,1,0,2,3,1
P094,2,2,0,2,1
P095,1,0,1,1,2
P096,1,0,0,1,0
P097,0,0,1,3,0
P098,3,0,0,0,2
P099,1,0,2,2,2
P100,1,0,2,2,0
P101,2,0,0,3,1
P102,1,0,1,0,2
P103,2,2,0,3,0
P104,3,0,0,1,0
P105,1,0,0,2,0
P106,0,1,2,3,0
P107,3,1,0,2,0
P108,2,0,1,3,0
P109,2,1,0,3,1
P110,1,1,1,0,2
P111,1,0,2,1,1
P112,0,1,2,3,1
P113,3,0,0,2,2
P114,3,0,0,1,2
P115,3,0,1,0,2
P116,1,1,1,0,3
P117,0,0,3,0,1
P118,3,2,0,1,0
P119,0,0,3,2,0
P120,1,0,1,2,0
P121,0,0,2,0,3
P122,2,0,0,2,2
P123,2,2,1,2,0
P124,1,0,1,2,1
P125,2,0,1,2,2
P126,1,0,2,0,2
P127,1,0,2,1,1
P128,2,1,0,1,1
P129,0,0,1,3,1
P130,0,1,2,3,0
P131,1,0,1,3,2
P132,0,0,2,1,0
P133,1,0,0,3,0
P134,1,0,2,3,0
P135,2,0,1,1,0
P136,2,0,1,2,1
P137,2,0,0,1,2
P138,3,0,0,3,2
P139,0,0,1,1,0
P140,0,0,1,2,1
P141,1,0,2,3,0
P142,3,0,1,2,2
P143,3,2,0,3,3
P144,3,3,0,1,1
P145,0,2,1,3,0
P146,2,0,2,0,3
P147,3,0,0,0,2
P148,0,1,2,3,1
P149,1,0,1,3,3
P150,3,0,1,3,0
P151,3,3,1,3,2
P152,1,0,2,2,1
P153,1,3,1,3,0
P154,3,1,0,1,1
P155,0,0,3,3,0
P156,2,0,0,2,1
P157,0,0,2,3,0
P158,2,3,1,3,0
P159,2,1,1,2,0
P160,0,0,2,2,1
